4.0,4.666666666666667,5.333333333333333,6.0,6.666666666666666,7.333333333333333,8.0,8.666666666666666,9.333333333333332,10.0,10.666666666666666,11.333333333333332,12.0,12.666666666666666,13.333333333333332,14.0,14.666666666666666,15.333333333333332,16.0,16.666666666666664,17.333333333333332,18.0,18.666666666666664,19.333333333333332,20.0
0.0,0.25,0.5,0.75,1.0,1.25,1.5,1.75,2.0,2.25,2.5,2.75,3.0,3.25,3.5,3.75,4.0,4.25,4.5,4.75,5.0,5.25,5.5,5.75,6.0
DC_size, DC_shift, sort_size, sort_shift, number_of_rides
4.0,0.0,8.0,0,533
4.0,0.25,8.0,0,886
4.0,0.5,8.0,0,959
4.0,0.75,8.0,0,782
4.0,1.0,8.0,0,978
4.0,1.25,8.0,0,954
4.0,1.5,8.0,0,1123
4.0,1.75,8.0,0,935
4.0,2.0,8.0,0,1154
4.0,2.25,8.0,0,928
4.0,2.5,8.0,0,858
4.0,2.75,8.0,0,655
4.0,3.0,8.0,0,940
4.0,3.25,8.0,0,721
4.0,3.5,8.0,0,804
4.0,3.75,8.0,0,946
4.0,4.0,8.0,0,419
4.0,4.25,8.0,0,750
4.0,4.5,8.0,0,811
4.0,4.75,8.0,0,877
4.0,5.0,8.0,0,697
4.0,5.25,8.0,0,872
4.0,5.5,8.0,0,1132
4.0,5.75,8.0,0,934
4.0,6.0,8.0,0,1295
4.666666666666667,0.0,9.333333333333334,0,781
4.666666666666667,0.25,9.333333333333334,0,1040
4.666666666666667,0.5,9.333333333333334,0,1070
4.666666666666667,0.75,9.333333333333334,0,1145
4.666666666666667,1.0,9.333333333333334,0,1462
4.666666666666667,1.25,9.333333333333334,0,1194
4.666666666666667,1.5,9.333333333333334,0,1129
4.666666666666667,1.75,9.333333333333334,0,1277
4.666666666666667,2.0,9.333333333333334,0,1145
4.666666666666667,2.25,9.333333333333334,0,1453
4.666666666666667,2.5,9.333333333333334,0,1178
4.666666666666667,2.75,9.333333333333334,0,1012
4.666666666666667,3.0,9.333333333333334,0,1238
4.666666666666667,3.25,9.333333333333334,0,903
4.666666666666667,3.5,9.333333333333334,0,1146
4.666666666666667,3.75,9.333333333333334,0,1425
4.666666666666667,4.0,9.333333333333334,0,944
4.666666666666667,4.25,9.333333333333334,0,1141
4.666666666666667,4.5,9.333333333333334,0,1221
4.666666666666667,4.75,9.333333333333334,0,898
4.666666666666667,5.0,9.333333333333334,0,1256
4.666666666666667,5.25,9.333333333333334,0,1087
4.666666666666667,5.5,9.333333333333334,0,1110
4.666666666666667,5.75,9.333333333333334,0,1457
4.666666666666667,6.0,9.333333333333334,0,1208
5.333333333333333,0.0,10.666666666666666,0,757
5.333333333333333,0.25,10.666666666666666,0,1164
5.333333333333333,0.5,10.666666666666666,0,1232
5.333333333333333,0.75,10.666666666666666,0,1273
5.333333333333333,1.0,10.666666666666666,0,1529
5.333333333333333,1.25,10.666666666666666,0,1573
5.333333333333333,1.5,10.666666666666666,0,1318
5.333333333333333,1.75,10.666666666666666,0,1182
5.333333333333333,2.0,10.666666666666666,0,1373
5.333333333333333,2.25,10.666666666666666,0,1181
5.333333333333333,2.5,10.666666666666666,0,1193
5.333333333333333,2.75,10.666666666666666,0,1367
5.333333333333333,3.0,10.666666666666666,0,1248
5.333333333333333,3.25,10.666666666666666,0,1158
5.333333333333333,3.5,10.666666666666666,0,1305
5.333333333333333,3.75,10.666666666666666,0,1059
5.333333333333333,4.0,10.666666666666666,0,1144
5.333333333333333,4.25,10.666666666666666,0,1539
5.333333333333333,4.5,10.666666666666666,0,1100
5.333333333333333,4.75,10.666666666666666,0,1185
5.333333333333333,5.0,10.666666666666666,0,1324
5.333333333333333,5.25,10.666666666666666,0,573
5.333333333333333,5.5,10.666666666666666,0,1103
5.333333333333333,5.75,10.666666666666666,0,1276
5.333333333333333,6.0,10.666666666666666,0,1285
6.0,0.0,12.0,0,909
6.0,0.25,12.0,0,1474
6.0,0.5,12.0,0,1645
6.0,0.75,12.0,0,1849
6.0,1.0,12.0,0,1758
6.0,1.25,12.0,0,2026
6.0,1.5,12.0,0,2431
6.0,1.75,12.0,0,1634
6.0,2.0,12.0,0,1651
6.0,2.25,12.0,0,1655
6.0,2.5,12.0,0,1675
6.0,2.75,12.0,0,1691
6.0,3.0,12.0,0,1995
6.0,3.25,12.0,0,1677
6.0,3.5,12.0,0,1544
6.0,3.75,12.0,0,1925
6.0,4.0,12.0,0,1485
6.0,4.25,12.0,0,1345
6.0,4.5,12.0,0,1629
6.0,4.75,12.0,0,2077
6.0,5.0,12.0,0,1487
6.0,5.25,12.0,0,1425
6.0,5.5,12.0,0,1824
6.0,5.75,12.0,0,1626
6.0,6.0,12.0,0,975
6.666666666666666,0.0,13.333333333333332,0,932
6.666666666666666,0.25,13.333333333333332,0,1571
6.666666666666666,0.5,13.333333333333332,0,1760
6.666666666666666,0.75,13.333333333333332,0,1896
6.666666666666666,1.0,13.333333333333332,0,1830
6.666666666666666,1.25,13.333333333333332,0,2257
6.666666666666666,1.5,13.333333333333332,0,2340
6.666666666666666,1.75,13.333333333333332,0,1965
6.666666666666666,2.0,13.333333333333332,0,1891
6.666666666666666,2.25,13.333333333333332,0,1805
6.666666666666666,2.5,13.333333333333332,0,1678
6.666666666666666,2.75,13.333333333333332,0,1793
6.666666666666666,3.0,13.333333333333332,0,1844
6.666666666666666,3.25,13.333333333333332,0,2038
6.666666666666666,3.5,13.333333333333332,0,1995
6.666666666666666,3.75,13.333333333333332,0,1775
6.666666666666666,4.0,13.333333333333332,0,1810
6.666666666666666,4.25,13.333333333333332,0,1830
6.666666666666666,4.5,13.333333333333332,0,1625
6.666666666666666,4.75,13.333333333333332,0,1516
6.666666666666666,5.0,13.333333333333332,0,1696
6.666666666666666,5.25,13.333333333333332,0,2235
6.666666666666666,5.5,13.333333333333332,0,1994
6.666666666666666,5.75,13.333333333333332,0,1462
6.666666666666666,6.0,13.333333333333332,0,2030
7.333333333333333,0.0,14.666666666666666,0,1187
7.333333333333333,0.25,14.666666666666666,0,1604
7.333333333333333,0.5,14.666666666666666,0,1722
7.333333333333333,0.75,14.666666666666666,0,2036
7.333333333333333,1.0,14.666666666666666,0,2006
7.333333333333333,1.25,14.666666666666666,0,1983
7.333333333333333,1.5,14.666666666666666,0,2356
7.333333333333333,1.75,14.666666666666666,0,2363
7.333333333333333,2.0,14.666666666666666,0,2075
7.333333333333333,2.25,14.666666666666666,0,1983
7.333333333333333,2.5,14.666666666666666,0,1900
7.333333333333333,2.75,14.666666666666666,0,1931
7.333333333333333,3.0,14.666666666666666,0,1821
7.333333333333333,3.25,14.666666666666666,0,1776
7.333333333333333,3.5,14.666666666666666,0,2078
7.333333333333333,3.75,14.666666666666666,0,2024
7.333333333333333,4.0,14.666666666666666,0,2118
7.333333333333333,4.25,14.666666666666666,0,1734
7.333333333333333,4.5,14.666666666666666,0,2106
7.333333333333333,4.75,14.666666666666666,0,1865
7.333333333333333,5.0,14.666666666666666,0,1797
7.333333333333333,5.25,14.666666666666666,0,1539
7.333333333333333,5.5,14.666666666666666,0,1749
7.333333333333333,5.75,14.666666666666666,0,2322
7.333333333333333,6.0,14.666666666666666,0,2058
8.0,0.0,16.0,0,1141
8.0,0.25,16.0,0,1615
8.0,0.5,16.0,0,1879
8.0,0.75,16.0,0,2173
8.0,1.0,16.0,0,2232
8.0,1.25,16.0,0,2106
8.0,1.5,16.0,0,2286
8.0,1.75,16.0,0,2520
8.0,2.0,16.0,0,2650
8.0,2.25,16.0,0,2092
8.0,2.5,16.0,0,2165
8.0,2.75,16.0,0,1915
8.0,3.0,16.0,0,1951
8.0,3.25,16.0,0,1911
8.0,3.5,16.0,0,1894
8.0,3.75,16.0,0,2265
8.0,4.0,16.0,0,2306
8.0,4.25,16.0,0,2268
8.0,4.5,16.0,0,2077
8.0,4.75,16.0,0,2002
8.0,5.0,16.0,0,2276
8.0,5.25,16.0,0,1967
8.0,5.5,16.0,0,1951
8.0,5.75,16.0,0,1526
8.0,6.0,16.0,0,2279
8.666666666666666,0.0,17.333333333333332,0,1323
8.666666666666666,0.25,17.333333333333332,0,1649
8.666666666666666,0.5,17.333333333333332,0,1979
8.666666666666666,0.75,17.333333333333332,0,2235
8.666666666666666,1.0,17.333333333333332,0,2502
8.666666666666666,1.25,17.333333333333332,0,2584
8.666666666666666,1.5,17.333333333333332,0,2504
8.666666666666666,1.75,17.333333333333332,0,2513
8.666666666666666,2.0,17.333333333333332,0,2660
8.666666666666666,2.25,17.333333333333332,0,2956
8.666666666666666,2.5,17.333333333333332,0,2491
8.666666666666666,2.75,17.333333333333332,0,2148
8.666666666666666,3.0,17.333333333333332,0,1973
8.666666666666666,3.25,17.333333333333332,0,2042
8.666666666666666,3.5,17.333333333333332,0,2211
8.666666666666666,3.75,17.333333333333332,0,2423
8.666666666666666,4.0,17.333333333333332,0,2405
8.666666666666666,4.25,17.333333333333332,0,2458
8.666666666666666,4.5,17.333333333333332,0,2373
8.666666666666666,4.75,17.333333333333332,0,2401
8.666666666666666,5.0,17.333333333333332,0,2398
8.666666666666666,5.25,17.333333333333332,0,2469
8.666666666666666,5.5,17.333333333333332,0,2243
8.666666666666666,5.75,17.333333333333332,0,2040
8.666666666666666,6.0,17.333333333333332,0,2090
9.333333333333332,0.0,18.666666666666664,0,1328
9.333333333333332,0.25,18.666666666666664,0,1808
9.333333333333332,0.5,18.666666666666664,0,1898
9.333333333333332,0.75,18.666666666666664,0,2234
9.333333333333332,1.0,18.666666666666664,0,2440
9.333333333333332,1.25,18.666666666666664,0,2345
9.333333333333332,1.5,18.666666666666664,0,2347
9.333333333333332,1.75,18.666666666666664,0,2652
9.333333333333332,2.0,18.666666666666664,0,2677
9.333333333333332,2.25,18.666666666666664,0,2819
9.333333333333332,2.5,18.666666666666664,0,2445
9.333333333333332,2.75,18.666666666666664,0,2229
9.333333333333332,3.0,18.666666666666664,0,2244
9.333333333333332,3.25,18.666666666666664,0,2106
9.333333333333332,3.5,18.666666666666664,0,2061
9.333333333333332,3.75,18.666666666666664,0,2165
9.333333333333332,4.0,18.666666666666664,0,2030
9.333333333333332,4.25,18.666666666666664,0,2233
9.333333333333332,4.5,18.666666666666664,0,2532
9.333333333333332,4.75,18.666666666666664,0,2417
9.333333333333332,5.0,18.666666666666664,0,2434
9.333333333333332,5.25,18.666666666666664,0,2229
9.333333333333332,5.5,18.666666666666664,0,2143
9.333333333333332,5.75,18.666666666666664,0,2398
9.333333333333332,6.0,18.666666666666664,0,2235
10.0,0.0,20.0,0,1431
10.0,0.25,20.0,0,1679
10.0,0.5,20.0,0,2030
10.0,0.75,20.0,0,2180
10.0,1.0,20.0,0,2443
10.0,1.25,20.0,0,2473
10.0,1.5,20.0,0,2353
10.0,1.75,20.0,0,2470
10.0,2.0,20.0,0,2457
10.0,2.25,20.0,0,2801
10.0,2.5,20.0,0,2762
10.0,2.75,20.0,0,2440
10.0,3.0,20.0,0,2297
10.0,3.25,20.0,0,2250
10.0,3.5,20.0,0,2166
10.0,3.75,20.0,0,2021
10.0,4.0,20.0,0,2173
10.0,4.25,20.0,0,2002
10.0,4.5,20.0,0,2156
10.0,4.75,20.0,0,2614
10.0,5.0,20.0,0,2479
10.0,5.25,20.0,0,2386
10.0,5.5,20.0,0,2427
10.0,5.75,20.0,0,2133
10.0,6.0,20.0,0,2451
10.666666666666666,0.0,21.333333333333332,0,1527
10.666666666666666,0.25,21.333333333333332,0,1687
10.666666666666666,0.5,21.333333333333332,0,2081
10.666666666666666,0.75,21.333333333333332,0,2287
10.666666666666666,1.0,21.333333333333332,0,2363
10.666666666666666,1.25,21.333333333333332,0,2799
10.666666666666666,1.5,21.333333333333332,0,2459
10.666666666666666,1.75,21.333333333333332,0,2586
10.666666666666666,2.0,21.333333333333332,0,2652
10.666666666666666,2.25,21.333333333333332,0,2734
10.666666666666666,2.5,21.333333333333332,0,3057
10.666666666666666,2.75,21.333333333333332,0,3123
10.666666666666666,3.0,21.333333333333332,0,2430
10.666666666666666,3.25,21.333333333333332,0,2455
10.666666666666666,3.5,21.333333333333332,0,2175
10.666666666666666,3.75,21.333333333333332,0,2231
10.666666666666666,4.0,21.333333333333332,0,2247
10.666666666666666,4.25,21.333333333333332,0,2222
10.666666666666666,4.5,21.333333333333332,0,2277
10.666666666666666,4.75,21.333333333333332,0,2392
10.666666666666666,5.0,21.333333333333332,0,2626
10.666666666666666,5.25,21.333333333333332,0,2712
10.666666666666666,5.5,21.333333333333332,0,2577
10.666666666666666,5.75,21.333333333333332,0,2604
10.666666666666666,6.0,21.333333333333332,0,2383
11.333333333333332,0.0,22.666666666666664,0,1364
11.333333333333332,0.25,22.666666666666664,0,1845
11.333333333333332,0.5,22.666666666666664,0,2064
11.333333333333332,0.75,22.666666666666664,0,2282
11.333333333333332,1.0,22.666666666666664,0,2505
11.333333333333332,1.25,22.666666666666664,0,2725
11.333333333333332,1.5,22.666666666666664,0,2582
11.333333333333332,1.75,22.666666666666664,0,2547
11.333333333333332,2.0,22.666666666666664,0,2590
11.333333333333332,2.25,22.666666666666664,0,2764
11.333333333333332,2.5,22.666666666666664,0,2848
11.333333333333332,2.75,22.666666666666664,0,3105
11.333333333333332,3.0,22.666666666666664,0,3155
11.333333333333332,3.25,22.666666666666664,0,2399
11.333333333333332,3.5,22.666666666666664,0,2442
11.333333333333332,3.75,22.666666666666664,0,2252
11.333333333333332,4.0,22.666666666666664,0,2188
11.333333333333332,4.25,22.666666666666664,0,2266
11.333333333333332,4.5,22.666666666666664,0,2386
11.333333333333332,4.75,22.666666666666664,0,2265
11.333333333333332,5.0,22.666666666666664,0,2305
11.333333333333332,5.25,22.666666666666664,0,2647
11.333333333333332,5.5,22.666666666666664,0,2708
11.333333333333332,5.75,22.666666666666664,0,2624
11.333333333333332,6.0,22.666666666666664,0,2580
12.0,0.0,24.0,0,1357
12.0,0.25,24.0,0,1734
12.0,0.5,24.0,0,2097
12.0,0.75,24.0,0,2268
12.0,1.0,24.0,0,2466
12.0,1.25,24.0,0,2707
12.0,1.5,24.0,0,2883
12.0,1.75,24.0,0,2512
12.0,2.0,24.0,0,2677
12.0,2.25,24.0,0,2672
12.0,2.5,24.0,0,2861
12.0,2.75,24.0,0,3007
12.0,3.0,24.0,0,3189
12.0,3.25,24.0,0,2717
12.0,3.5,24.0,0,2453
12.0,3.75,24.0,0,2479
12.0,4.0,24.0,0,2249
12.0,4.25,24.0,0,2308
12.0,4.5,24.0,0,2252
12.0,4.75,24.0,0,2340
12.0,5.0,24.0,0,2342
12.0,5.25,24.0,0,2237
12.0,5.5,24.0,0,2582
12.0,5.75,24.0,0,2728
12.0,6.0,24.0,0,2638
12.666666666666666,0.0,25.333333333333332,0,1463
12.666666666666666,0.25,25.333333333333332,0,1821
12.666666666666666,0.5,25.333333333333332,0,2025
12.666666666666666,0.75,25.333333333333332,0,2220
12.666666666666666,1.0,25.333333333333332,0,2403
12.666666666666666,1.25,25.333333333333332,0,2629
12.666666666666666,1.5,25.333333333333332,0,2833
12.666666666666666,1.75,25.333333333333332,0,2536
12.666666666666666,2.0,25.333333333333332,0,2506
12.666666666666666,2.25,25.333333333333332,0,2715
12.666666666666666,2.5,25.333333333333332,0,2731
12.666666666666666,2.75,25.333333333333332,0,2753
12.666666666666666,3.0,25.333333333333332,0,3056
12.666666666666666,3.25,25.333333333333332,0,3162
12.666666666666666,3.5,25.333333333333332,0,2684
12.666666666666666,3.75,25.333333333333332,0,2564
12.666666666666666,4.0,25.333333333333332,0,2513
12.666666666666666,4.25,25.333333333333332,0,2230
12.666666666666666,4.5,25.333333333333332,0,2302
12.666666666666666,4.75,25.333333333333332,0,2248
12.666666666666666,5.0,25.333333333333332,0,2345
12.666666666666666,5.25,25.333333333333332,0,2369
12.666666666666666,5.5,25.333333333333332,0,2136
12.666666666666666,5.75,25.333333333333332,0,2480
12.666666666666666,6.0,25.333333333333332,0,2656
13.333333333333332,0.0,26.666666666666664,0,1356
13.333333333333332,0.25,26.666666666666664,0,1817
13.333333333333332,0.5,26.666666666666664,0,2079
13.333333333333332,0.75,26.666666666666664,0,2247
13.333333333333332,1.0,26.666666666666664,0,2437
13.333333333333332,1.25,26.666666666666664,0,2708
13.333333333333332,1.5,26.666666666666664,0,2994
13.333333333333332,1.75,26.666666666666664,0,2829
13.333333333333332,2.0,26.666666666666664,0,2699
13.333333333333332,2.25,26.666666666666664,0,2741
13.333333333333332,2.5,26.666666666666664,0,2674
13.333333333333332,2.75,26.666666666666664,0,2847
13.333333333333332,3.0,26.666666666666664,0,3035
13.333333333333332,3.25,26.666666666666664,0,3389
13.333333333333332,3.5,26.666666666666664,0,3315
13.333333333333332,3.75,26.666666666666664,0,2660
13.333333333333332,4.0,26.666666666666664,0,2712
13.333333333333332,4.25,26.666666666666664,0,2445
13.333333333333332,4.5,26.666666666666664,0,2294
13.333333333333332,4.75,26.666666666666664,0,2321
13.333333333333332,5.0,26.666666666666664,0,2446
13.333333333333332,5.25,26.666666666666664,0,2387
13.333333333333332,5.5,26.666666666666664,0,2557
13.333333333333332,5.75,26.666666666666664,0,2390
13.333333333333332,6.0,26.666666666666664,0,2712
14.0,0.0,28.0,0,1632
14.0,0.25,28.0,0,1835
14.0,0.5,28.0,0,2099
14.0,0.75,28.0,0,2255
14.0,1.0,28.0,0,2440
14.0,1.25,28.0,0,2716
14.0,1.5,28.0,0,2896
14.0,1.75,28.0,0,3085
14.0,2.0,28.0,0,2715
14.0,2.25,28.0,0,2825
14.0,2.5,28.0,0,2743
14.0,2.75,28.0,0,2695
14.0,3.0,28.0,0,2980
14.0,3.25,28.0,0,3167
14.0,3.5,28.0,0,3317
14.0,3.75,28.0,0,3238
14.0,4.0,28.0,0,2658
14.0,4.25,28.0,0,2615
14.0,4.5,28.0,0,2402
14.0,4.75,28.0,0,2316
14.0,5.0,28.0,0,2340
14.0,5.25,28.0,0,2423
14.0,5.5,28.0,0,2292
14.0,5.75,28.0,0,2551
14.0,6.0,28.0,0,2345
14.666666666666666,0.0,29.333333333333332,0,1396
14.666666666666666,0.25,29.333333333333332,0,1838
14.666666666666666,0.5,29.333333333333332,0,2112
14.666666666666666,0.75,29.333333333333332,0,2276
14.666666666666666,1.0,29.333333333333332,0,2528
14.666666666666666,1.25,29.333333333333332,0,2635
14.666666666666666,1.5,29.333333333333332,0,2880
14.666666666666666,1.75,29.333333333333332,0,3011
14.666666666666666,2.0,29.333333333333332,0,2875
14.666666666666666,2.25,29.333333333333332,0,2882
14.666666666666666,2.5,29.333333333333332,0,2755
14.666666666666666,2.75,29.333333333333332,0,2836
14.666666666666666,3.0,29.333333333333332,0,2834
14.666666666666666,3.25,29.333333333333332,0,3070
14.666666666666666,3.5,29.333333333333332,0,3242
14.666666666666666,3.75,29.333333333333332,0,3350
14.666666666666666,4.0,29.333333333333332,0,3162
14.666666666666666,4.25,29.333333333333332,0,2735
14.666666666666666,4.5,29.333333333333332,0,2716
14.666666666666666,4.75,29.333333333333332,0,2388
14.666666666666666,5.0,29.333333333333332,0,2312
14.666666666666666,5.25,29.333333333333332,0,2325
14.666666666666666,5.5,29.333333333333332,0,2375
14.666666666666666,5.75,29.333333333333332,0,2495
14.666666666666666,6.0,29.333333333333332,0,2569
15.333333333333332,0.0,30.666666666666664,0,1508
15.333333333333332,0.25,30.666666666666664,0,1848
15.333333333333332,0.5,30.666666666666664,0,2128
15.333333333333332,0.75,30.666666666666664,0,2281
15.333333333333332,1.0,30.666666666666664,0,2492
15.333333333333332,1.25,30.666666666666664,0,2651
15.333333333333332,1.5,30.666666666666664,0,2830
15.333333333333332,1.75,30.666666666666664,0,2997
15.333333333333332,2.0,30.666666666666664,0,2795
15.333333333333332,2.25,30.666666666666664,0,2671
15.333333333333332,2.5,30.666666666666664,0,2725
15.333333333333332,2.75,30.666666666666664,0,2738
15.333333333333332,3.0,30.666666666666664,0,2884
15.333333333333332,3.25,30.666666666666664,0,2905
15.333333333333332,3.5,30.666666666666664,0,3047
15.333333333333332,3.75,30.666666666666664,0,3289
15.333333333333332,4.0,30.666666666666664,0,3421
15.333333333333332,4.25,30.666666666666664,0,2698
15.333333333333332,4.5,30.666666666666664,0,2670
15.333333333333332,4.75,30.666666666666664,0,2733
15.333333333333332,5.0,30.666666666666664,0,2365
15.333333333333332,5.25,30.666666666666664,0,2348
15.333333333333332,5.5,30.666666666666664,0,2416
15.333333333333332,5.75,30.666666666666664,0,2369
15.333333333333332,6.0,30.666666666666664,0,2445
16.0,0.0,32.0,0,1550
16.0,0.25,32.0,0,1812
16.0,0.5,32.0,0,2033
16.0,0.75,32.0,0,2216
16.0,1.0,32.0,0,2490
16.0,1.25,32.0,0,2670
16.0,1.5,32.0,0,2850
16.0,1.75,32.0,0,2993
16.0,2.0,32.0,0,3118
16.0,2.25,32.0,0,2882
16.0,2.5,32.0,0,2776
16.0,2.75,32.0,0,2846
16.0,3.0,32.0,0,2809
16.0,3.25,32.0,0,3009
16.0,3.5,32.0,0,3080
16.0,3.75,32.0,0,3358
16.0,4.0,32.0,0,3620
16.0,4.25,32.0,0,3392
16.0,4.5,32.0,0,2783
16.0,4.75,32.0,0,2786
16.0,5.0,32.0,0,2695
16.0,5.25,32.0,0,2395
16.0,5.5,32.0,0,2366
16.0,5.75,32.0,0,2466
16.0,6.0,32.0,0,2407
16.666666666666664,0.0,33.33333333333333,0,1628
16.666666666666664,0.25,33.33333333333333,0,1884
16.666666666666664,0.5,33.33333333333333,0,2149
16.666666666666664,0.75,33.33333333333333,0,2345
16.666666666666664,1.0,33.33333333333333,0,2470
16.666666666666664,1.25,33.33333333333333,0,2673
16.666666666666664,1.5,33.33333333333333,0,2849
16.666666666666664,1.75,33.33333333333333,0,3038
16.666666666666664,2.0,33.33333333333333,0,3197
16.666666666666664,2.25,33.33333333333333,0,2914
16.666666666666664,2.5,33.33333333333333,0,2844
16.666666666666664,2.75,33.33333333333333,0,2867
16.666666666666664,3.0,33.33333333333333,0,2942
16.666666666666664,3.25,33.33333333333333,0,2866
16.666666666666664,3.5,33.33333333333333,0,2859
16.666666666666664,3.75,33.33333333333333,0,3186
16.666666666666664,4.0,33.33333333333333,0,3411
16.666666666666664,4.25,33.33333333333333,0,3588
16.666666666666664,4.5,33.33333333333333,0,3375
16.666666666666664,4.75,33.33333333333333,0,2810
16.666666666666664,5.0,33.33333333333333,0,2809
16.666666666666664,5.25,33.33333333333333,0,2592
16.666666666666664,5.5,33.33333333333333,0,2414
16.666666666666664,5.75,33.33333333333333,0,2419
16.666666666666664,6.0,33.33333333333333,0,2445
17.333333333333332,0.0,34.666666666666664,0,1636
17.333333333333332,0.25,34.666666666666664,0,1903
17.333333333333332,0.5,34.666666666666664,0,2100
17.333333333333332,0.75,34.666666666666664,0,2315
17.333333333333332,1.0,34.666666666666664,0,2456
17.333333333333332,1.25,34.666666666666664,0,2585
17.333333333333332,1.5,34.666666666666664,0,2840
17.333333333333332,1.75,34.666666666666664,0,2870
17.333333333333332,2.0,34.666666666666664,0,3060
17.333333333333332,2.25,34.666666666666664,0,3006
17.333333333333332,2.5,34.666666666666664,0,3173
17.333333333333332,2.75,34.666666666666664,0,2889
17.333333333333332,3.0,34.666666666666664,0,2910
17.333333333333332,3.25,34.666666666666664,0,2778
17.333333333333332,3.5,34.666666666666664,0,2944
17.333333333333332,3.75,34.666666666666664,0,3061
17.333333333333332,4.0,34.666666666666664,0,3303
17.333333333333332,4.25,34.666666666666664,0,3366
17.333333333333332,4.5,34.666666666666664,0,3519
17.333333333333332,4.75,34.666666666666664,0,3182
17.333333333333332,5.0,34.666666666666664,0,2772
17.333333333333332,5.25,34.666666666666664,0,2785
17.333333333333332,5.5,34.666666666666664,0,2554
17.333333333333332,5.75,34.666666666666664,0,2458
17.333333333333332,6.0,34.666666666666664,0,2442
18.0,0.0,36.0,0,1490
18.0,0.25,36.0,0,1827
18.0,0.5,36.0,0,2084
18.0,0.75,36.0,0,2312
18.0,1.0,36.0,0,2490
18.0,1.25,36.0,0,2611
18.0,1.5,36.0,0,2733
18.0,1.75,36.0,0,2958
18.0,2.0,36.0,0,3104
18.0,2.25,36.0,0,3107
18.0,2.5,36.0,0,2892
18.0,2.75,36.0,0,2824
18.0,3.0,36.0,0,2974
18.0,3.25,36.0,0,2882
18.0,3.5,36.0,0,2859
18.0,3.75,36.0,0,2925
18.0,4.0,36.0,0,3114
18.0,4.25,36.0,0,3314
18.0,4.5,36.0,0,3557
18.0,4.75,36.0,0,3542
18.0,5.0,36.0,0,2879
18.0,5.25,36.0,0,2712
18.0,5.5,36.0,0,2781
18.0,5.75,36.0,0,2635
18.0,6.0,36.0,0,2318
18.666666666666664,0.0,37.33333333333333,0,1643
18.666666666666664,0.25,37.33333333333333,0,1794
18.666666666666664,0.5,37.33333333333333,0,1946
18.666666666666664,0.75,37.33333333333333,0,2293
18.666666666666664,1.0,37.33333333333333,0,2534
18.666666666666664,1.25,37.33333333333333,0,2638
18.666666666666664,1.5,37.33333333333333,0,2783
18.666666666666664,1.75,37.33333333333333,0,2968
18.666666666666664,2.0,37.33333333333333,0,3171
18.666666666666664,2.25,37.33333333333333,0,3274
18.666666666666664,2.5,37.33333333333333,0,2997
18.666666666666664,2.75,37.33333333333333,0,2795
18.666666666666664,3.0,37.33333333333333,0,3023
18.666666666666664,3.25,37.33333333333333,0,2863
18.666666666666664,3.5,37.33333333333333,0,3002
18.666666666666664,3.75,37.33333333333333,0,2919
18.666666666666664,4.0,37.33333333333333,0,3173
18.666666666666664,4.25,37.33333333333333,0,3294
18.666666666666664,4.5,37.33333333333333,0,3462
18.666666666666664,4.75,37.33333333333333,0,3625
18.666666666666664,5.0,37.33333333333333,0,3279
18.666666666666664,5.25,37.33333333333333,0,2859
18.666666666666664,5.5,37.33333333333333,0,2895
18.666666666666664,5.75,37.33333333333333,0,2822
18.666666666666664,6.0,37.33333333333333,0,2489
19.333333333333332,0.0,38.666666666666664,0,1383
19.333333333333332,0.25,38.666666666666664,0,1812
19.333333333333332,0.5,38.666666666666664,0,2114
19.333333333333332,0.75,38.666666666666664,0,2325
19.333333333333332,1.0,38.666666666666664,0,2443
19.333333333333332,1.25,38.666666666666664,0,2564
19.333333333333332,1.5,38.666666666666664,0,2749
19.333333333333332,1.75,38.666666666666664,0,2923
19.333333333333332,2.0,38.666666666666664,0,3099
19.333333333333332,2.25,38.666666666666664,0,3251
19.333333333333332,2.5,38.666666666666664,0,3094
19.333333333333332,2.75,38.666666666666664,0,2908
19.333333333333332,3.0,38.666666666666664,0,2854
19.333333333333332,3.25,38.666666666666664,0,3024
19.333333333333332,3.5,38.666666666666664,0,2857
19.333333333333332,3.75,38.666666666666664,0,2995
19.333333333333332,4.0,38.666666666666664,0,2972
19.333333333333332,4.25,38.666666666666664,0,3103
19.333333333333332,4.5,38.666666666666664,0,3376
19.333333333333332,4.75,38.666666666666664,0,3516
19.333333333333332,5.0,38.666666666666664,0,3566
19.333333333333332,5.25,38.666666666666664,0,3261
19.333333333333332,5.5,38.666666666666664,0,2906
19.333333333333332,5.75,38.666666666666664,0,2866
19.333333333333332,6.0,38.666666666666664,0,2646
20.0,0.0,40.0,0,1684
20.0,0.25,40.0,0,1898
20.0,0.5,40.0,0,2046
20.0,0.75,40.0,0,2103
20.0,1.0,40.0,0,2477
20.0,1.25,40.0,0,2573
20.0,1.5,40.0,0,2705
20.0,1.75,40.0,0,2871
20.0,2.0,40.0,0,3005
20.0,2.25,40.0,0,3199
20.0,2.5,40.0,0,3115
20.0,2.75,40.0,0,2985
20.0,3.0,40.0,0,2925
20.0,3.25,40.0,0,2979
20.0,3.5,40.0,0,2892
20.0,3.75,40.0,0,2939
20.0,4.0,40.0,0,3061
20.0,4.25,40.0,0,3061
20.0,4.5,40.0,0,3187
20.0,4.75,40.0,0,3523
20.0,5.0,40.0,0,3594
20.0,5.25,40.0,0,3541
20.0,5.5,40.0,0,3197
20.0,5.75,40.0,0,2853
20.0,6.0,40.0,0,2832
